$ANSIBLE_VAULT;1.1;AES256
32336161643134666537336638643062316666393834356132393163336233303839623034333235
3733326239623835316563306663366463313836623831320a343836343132643564306430366639
32373033396661393461666432663230613334656265353863303034323966393939633763613330
3538646136663235320a353339353361306163646364623862393965326561346231303635346238
37646332303066643762323339393738346462363633306538303535636637393236343335373330
34336335323864656331373730636466653839313935663333386536396630326263356431323437
63646133353562636261316363383637663266343163616439626165343238363337313937396531
65303537633466343935383137626262393131383633366463383231383439346336633931646136
63636138343161626232643937373639303930383639376164616639396363656133623737306635
63653164636437336364613237666232316435636463613263306365666337306635616336393135
39613032666634643563313335643437303937653633396130376535353731363536333939646561
63626366666536633763663466656336666465613162396230393031633866393336376164623237
31323932383761393662363963356662313366663132313430363435626464336338323264353239
38646239613037303766623230636462636161393237626636366365383064663832383763306533
32383636643637643165323437306434653930613661633830316365653333313531653331363136
39383338313137633336333430363161663633363566316530343838636664333033613332353334
66323634346330363737633734373030666264626338643834346133316435653837313733353939
36323664336366386133663032313734643062663835346466313361303936623836383266613637
31633336366338643936656631393632313231366232653230663336626363303434636236646166
62656339393665303935336431653935316664343762383966346534356337663864613366313031
35333261623337353165636535303766396134303132383739306663656663633266323866313436
36383264346530623334366439616530346563376666303835396261373839636231343531323962
66336535616635666631323433663137343565656633666561393833316233333731663666353964
64616164623536643565616331326639353438383637343832343038346233646565393039666530
64313437323934303037393131326365353261633133356637346236393064346533653838373238
33656662383730376335656233623732333239633237363437343239373162363066336564653063
35356338663833343730373831396432636132316362313134386538393261356237663466623335
63613838623936613237313063303437646636316536616232323938303034353961656238306234
32353963316236633262393362376362633164323434363164366339633837636666623661643438
38653364303164353462343233643265353834343665653531363266353939336465363730633134
38346438616564643966663839313238633632666338343433356665643831623964383833343233
33623666393036326633363666656337666663643835633563653437636165636230623363353466
33613265626539393439343137396436333833626262636139396234613062386164303162383438
64316535306334653537396130313130316235333634643139303862653831333464303661373532
37343739393133356134346661653264383765393237343433396135646530363064613830363236
38313832383637336536626566666635386466663265656639343863613733663530326163616162
3762
